Volt
0.0032913899061138645
0.0025877997492257322
0.0018383195413802862
0.0038066914647848925
0.0022356782569449697
0.003417520744928464
0.005913519903705783
0.0028433101325787856
0.0036840954721625526
0.00388849286334773
0.0017124125570902532
0.004612538160727098
0.004127053439296736
0.002531569862348572
0.0017091824479784023
0.004951224837995007
0.004547623931875676
0.004884100564670555
0.0027317726762276515
0.0055545088998278855
0.0060646238550568525
0.006176487433065624
0.004467188522135702
0.006327580749041
0.006437068172468783
0.006122842200140665
0.00545977487571102
0.005761055197776094
0.0068787379941683486
0.003712521831039295
0.006202472970169725
0.007173149876269794
0.005821795731540279
0.006992183433319708
0.006126911125962048
0.007322933991763119
0.0058413171657868785
0.007889572877879699
0.008956621541698462
0.00763496118172132
0.00811696818500241
0.006536954960369462
0.007217311178750512
0.00713452338208166
0.005934551131316001
0.006965657655553312
0.007746329262004038
0.008119300030623975
0.008545916404521622
0.008925112911476013
0.00885379533781059
0.006518711904220406
0.006554121901390686
0.008386443491703525
0.009784298175052986
0.010507903507396757
0.010139709115450247
0.009674063165113751
0.010213801487597866
0.00914860449954786
0.01023267242997785
0.010724857305152033
0.009618385454377897
0.009541779425497622
0.011120939924887429
0.010024711585979435
0.009179037732243848
0.011049866104130604
0.011588334524196763
0.009165203582962689
0.011111343976381922
0.011035343430832284
0.009884378630090895
0.011438346883605692
0.010861150961102285
0.010575405903971996
0.008530188288401014
0.011018653716479433
0.00995588250660953
0.007702695707124409
0.008019212760442923
0.007906838175159468
0.01079070587427226
0.00830780460295799
0.008491033348764956
0.00971614240864785
0.007622784349511052
0.007257076994689563
0.008910475553986212
0.007916128123355943
0.0098095330273143
0.00899887940569141
0.010275830525694812
0.007334557814629961
0.007610789044210724
0.006901723828379102
0.008019554117121989
0.008780837997883827
0.007214891037867572
0.009669835098072925
0.008987008503233073
0.009410566187487125
0.007565405041024587
0.009111398626646802
0.008329004028039906
0.006070233323943418
0.00830507026217592
0.008800746560338525
0.0076775898470764605
0.009121076682666467
0.00942338199088896
0.008851597741718552
0.008949293255587363
0.007647157299549943
0.007799379067542304
0.007303388895320608
0.008745590351955431
0.007699402910575718
0.008369549249750904
0.007470324252409739
0.00827905424673093
0.00878683896086455
0.009354052840022019
0.007728027661286804
0.006599805192080935
0.005810278639672922
0.005570282037379674
0.006422983669353321
0.007320893606778263
0.004990534565459117
0.006381609036381857
0.005124650624940993
0.007624134264417001
0.006743412250778409
0.004568432392267481
0.00659838848119243
0.00615136505354745
0.006110611085561966
0.0050153137974165134
0.00553609372609858
0.0048784066755860975
0.005298739132669676
0.005535308035930984
0.005654525497974679
0.006382231796540341
0.004913228152538625
0.007161753781299997
0.005140661177707684
0.006155379857141348
0.004221010599466551
0.005027829868738332
0.006614365094963628
0.007465323909669716
0.007645471656556291
0.006933140232414775
0.006609745194458785
0.006074628648704087
0.006339951096916112
0.00649261877696983
0.006668912937141909
0.00671393310808816
0.008162303477690844
0.006995774681285148
0.00725055832225946
0.008088560547190418
0.007120666053957589
0.007871002487806006
0.007403874895090024
0.006584160291410062
0.007244452746939349
0.005958764094902124
0.008644280451405199
0.006728901508190165
0.006921670085168389
0.00581436822921518
0.006348329149768236
0.005944954443973439
0.008053753331328383
0.005187712111384484
0.0062623031317936215
0.008219499153929844
0.0055844554451904005
0.008595009002517348
0.007218855930576464
0.004721449992907266
0.005162579740005354
0.006412434267915384
0.0070791234460842985
0.007965607595891804
0.006402817670383422
0.007442752567590563
0.009693833047259187
0.007958703970166545
0.008426000492597082
0.0067045587511423395
0.009799925356707538
0.007982790668468022
0.007891591618524525
0.007461938036964342
0.007079616288665714
0.008565894421909172
0.00784406419773306
0.008928685506924753
0.007349836870710173
0.008706567055789385
0.007215953066708827
0.00912059347737329
0.008217892910186358
0.00848796749018883
0.008291277571938396
0.008512536433957076
0.005664622668557495
0.0070831962421154865
0.008405707307507034
0.0059252119569403105
0.007740103435072358
0.006634495586575504
0.006908948427501802
0.007807272582920344
0.005859357070794672
0.006840234091318633
0.007661575402138852
0.00657771717699248
0.006294998502654332
0.005650024259443375
0.0042757918503082545
0.0050929624030121015
0.005010710457224959
0.005496453465094321
0.006773951263726116
0.006288142762036444
0.005604761317371311
0.005980994697144803
0.0054880600268604595
0.006806653022600454
0.004424210662674848
0.0028813040527701996
0.005192924649269958
0.004147193098144545
0.00371774106771043
0.0063417590678250205
0.004402927334747929
0.0051148630715109255
0.006220818346512168
0.006644501491849887
0.00468198098688793
0.005348807681215208
0.005521096047768495
0.005135676434552885
0.0069881104927985264
0.0064015236753111405
0.004352130109555645
0.00798571863108785
0.004691984990036752
0.005652680883338203
0.005681091495005588
0.0067091573904116
0.00671785688753337
0.0061157972230210635
0.006887810104703699
0.006280935853481553
0.006711135201813691
0.006116161327355891
0.006182471175441298
0.006113340014784816
0.008111010963392682
0.008192963393318905
0.004851815556672289
0.0071998600814194
0.007593201554303737
0.008209324123897067
0.010158217695503017
0.00943805988860505
0.008236379723469323
0.010357691248800868
0.009598545087362707
0.00927076918298264
0.009103563794503293
0.010220706331340524
0.010655120755673776
0.0113740309681973
0.011510057424316683
0.009246279307283365
0.008854356516489234
0.008216445163585294
0.010419897982544224
0.00909364156524611
0.009430297411989141
0.009380745047975184
0.009624807025106194
0.008771312719122504
0.009226675010488792
0.010445138164424338
0.010994437915552994
0.00900988024657447
0.011025882462179292
0.010504510150121436
0.013203694976622556
0.012040147143136837
0.012438582257184439
0.012826115161672575
0.012302905921938487
0.011705014520036207
0.012757559079489746
0.011825581681974826
0.013247182103154311
0.01197026269200188
0.01335209598042801
0.01223437443700236
0.011701668835499633
0.013117117701468901
0.012426294396996192
0.011284247249718115
0.010902981176640035
0.009997103811401535
0.01006855366150996
0.009424965016329952
0.009480944623216057
0.01134779133890667
0.010616373921311616
0.007351486245804648
0.008163882223357902
0.006894897617233853
0.006614100141053371
0.007115224415533363
0.005813640580490902
0.007416160717698495
0.005455869778844208
0.005288621107496777
0.0031430061512365518
0.003875431404702175
0.005010749137677737
0.0022978105810729163
0.0029396436604286155
0.002145884617696622
0.0026379029118113796
0.0018924399309204567
0.0028010769436452635
0.0020437891938571377
0.0019392442548441468
0.0029229254504602284
0.0015442496496791177
0.0016456684309404026
0.0025709755509393585
0.0033791648106755367
0.0033076229212067225
0.002353566417100021
0.0022865995793916825
0.0005840617445471486
0.0030413299728854473
0.0032287682836588893
0.0032047023340531383
0.00571305039245092
0.0041658085163768805
0.0034527687440136104
0.003359354368821662
0.005318844874034332
0.004477090237887159
0.005058336121427577
0.0059947414515069
0.004572495806821158
0.005676638901432807
0.005916183087871227
0.005934526307122651
0.005121056041860407
0.004981838269969615
0.005866555902226602
0.006008605553018408
0.006469284541442719
0.00615284140765996
0.007891540692278357
0.006630916507733435
0.007168941623946348
0.006896860086276738
0.006618211149774518
0.004996976123683227
0.00659157059869737
0.0067686082861847545
0.005638329345520025
0.00812422925877559
0.005455518039833898
0.006086892802414476
0.007382239889063183
0.00652918343826125
0.006700876341587165
0.006571884060495824
0.007008927059350702
0.005370118328856695
0.005889797931387213
0.006549559422222275
0.006157839822497641
0.007118030087226031
0.006128988212974308
0.005385722577743069
0.005931274033440129
0.006968084469375997
0.00569947104360052
0.007264767217249435
0.008766960987417749
0.007969444009859446
0.007268788790374908
0.008007180891692353
0.005387062728492142
0.006536059340623159
0.007793630472896874
0.006415786164559084
0.007317850082636947
0.008789813992093245
0.00871198125252811
0.008227292094246365
0.008776097758043546
0.0072859142949413345
0.008001618035438043
0.009884415403626138
0.008858699375572593
0.0081911995573269
0.007758570059111835
0.008932616959874037
0.008883755051782837
0.007752373124205217
0.0068190810764122405
0.008456124925934172
0.005704795199808699
0.005526429925416486
0.006825072894083452
0.00666876297955174
0.006975292784841142
0.008351800170078591
0.007643291239324579
0.006950666801671007
0.005338802838766491
0.0043587539325392315
0.006906739112954127
0.00615100988708984
0.004550427564638679
0.004965202565748307
0.005350443290550582
0.004546836895540208
0.005250915195895715
0.005512468229580941
0.005316288634032796
0.0061226325437722835
0.005829422271254096
0.0041019553475748005
0.004700709680598947
0.0055225365607847595
0.005253916817125073
0.004630027720522373
0.006088674370775398
0.004957078144382502
0.00640280191457544
0.006849894679793522
0.0061922540951906265
0.005537377393785976
0.006553324404039871
0.005104286007719406
0.008223818845905064
0.005209063174982992
0.007789055090629901
0.005773376811703846
0.004766951978809766
0.004792616363987591
0.005788134319245532
0.0061198220334398165
0.005757656388450117
0.007397699790654069
0.005431729188891652
0.00560469074770794
0.0038738395049443177
0.0038418865919246825
0.004643040497416737
0.004776733800507618
0.0032131583226347312
0.004901788874454039
0.0038900688640428893
0.0037888089206488244
0.004698955133495556
0.0038414133338552487
0.005531128407221959
0.0027772374726460214
0.0022824940698072194
0.004814636396223785
0.004693431754462993
0.002425247759893174
0.002991966102367752
0.003972329817419782
0.003056134006518611
0.004081053613702355
0.0046302991499863385
0.005179606783605885
0.003699608335297884
0.0036415855126300683
0.0035686999194405227
0.006088043882132277
0.004748175160525861
0.00504176481538866
0.005895839308042464
0.005160295258226866
0.0062122370877745
0.004096049183838897
0.005074372659388915
0.005893082231249405
0.005965292702659487
0.0059418661122621905
0.006934366376453667
0.0067002031407397775
0.005280718754764283
0.007172312361545847
0.008426468759730025
0.007551594643583995
0.007348631726803689
0.006935495630398968
0.006690738142315299
0.005034397037021377
0.005624731222372499
0.0055896545256592925
0.006492463236042793
0.009160415374811026
0.007129128598235372
0.006460927424382214
0.007563890530079501
0.007563712569846711
0.005401876723683371
0.00713915279549536
0.007658363474099982
0.005674932559105379
0.006937354471347184
0.007075176772585154
0.006905947929184
0.004079757513063807
0.006213304386757992
0.004860042618642891
0.005196720268905738
0.006860560394696063
0.007408029104767814
0.004461243934920237
0.004992430837636497
0.006041756174365271
0.005486452055663524
0.0023864551464758423
0.005048609563978178
0.006015286485739481
0.004516451927501182
0.005356188465663772
0.006141415072699847
0.00572059512522548
0.004241140448589441
0.0053486124362141394
0.005818093249706642
0.005554423885401293
0.004847070873489578
0.00595282760296204
0.005103152517332916
0.005842431293083569
0.004156722267371263
0.006504600323268387
0.006364661708503557
0.005807484521601512
0.0065305799345989415
0.005760319282544835
0.005266228997485869
0.005828440298754148
0.006841550999703234
0.006650075081515891
0.0061543343755611135
0.004548693633990075
0.005260416353249962
0.007144802373048239
0.008605559452867336
0.006258426153546945
0.008684934819985037
0.005361850187027745
0.006074530828160016
0.007537788982101326
0.006016453615092462
0.006040069624689172
0.004702545436644862
0.005059170538594539
0.006346845851669697
0.004945154330972348
0.006167500265311858
0.0020535469044845266
0.006335603529403155
0.004494340749120224
0.0028804053478601833
0.003216508330426548
0.003088495672046224
0.003936811047021381
0.002786841130634723
0.0021727860911075567
0.0031402966171418
0.0026796469927090135
0.0026263514052164605
0.002346366712913669
0.00168129931651624
0.0037396324720122805
0.0027838180012784734
0.002360011138513649
0.0061976619313288545
0.003011583900455192
0.0027500853627954185
0.002563295131543919
0.004049994603212739
0.002538180157944047
0.004160120060720492
0.004333134959699022
0.0059952308789879135
0.0037703855010941937
0.005599757592323992
0.003260906576575185
0.004236895425680296
0.003969652864764098
0.0053693086024726895
0.005231259849163446
0.005288579101779684
0.005552739329198374
0.002139828148889965
0.005595462810778537
0.004746820894475739
0.0036748626287256237
0.0048195400061998945
0.004133795914283339
0.00412354927159695
0.0025569534717854924
0.002770174076326286
0.002944346545771804
0.0024369789635577937
0.003653045570352651
0.0045690354032947465
0.0037370532074850376
0.0027795002177266282
0.004886971154014857
0.0018064278693350148
0.0036819268169951563
0.0024122949761356833
0.0051927276579128625
0.003701452967453455
0.002545682740982256
0.0022378516947158633
0.004128833054623171
0.004138442118730126
0.0040414756953977265
0.005230164902160751
0.0053193480038772915
0.004786878487941063
0.003636893020047191
0.0032555329571363084
0.006383459799505393
0.006272414319118427
0.0078091270065691245
0.008055995951525681
0.007085198181227581
0.008423278150696182
0.009112145358800713
0.008147547386366092
0.009519497654724872
0.010802981014536117
0.008342380269989338
0.008924694953476434
0.012338137225702147
0.011801879762309416
0.010388707634600747
0.010428686136526796
0.010081308852025498
0.010529181087282737
0.010082626998253415
0.00966857136670664
0.010810641354108442
0.0076161161393253005
0.008250348496740344
0.008697565562457675
0.007917628481604634
0.0070415746600725
0.007163042850375999
0.0074761552539915
0.005569374891075386
0.005455582893741126
0.004701677171184185
0.0029985953449130557
0.002866334825085204
0.002233947515828992
0.0034958120588751557
0.0018947519351238614
0.0008301429976038017
0.001378028628129031
0.0007897198798882863
-0.0012768147087399108
-0.002695763052063568
-0.00021456346342962505
-0.0020993717618640853
-0.002730345489669019
-0.0038116437667216323
-0.0035545966533170065
-0.0006642813591804754
-0.0027843378870439977
-0.00162281701138386
-0.0010617947391858807
-0.0005749916267426439
-0.003988892543234052
-0.0031016683669829463
-0.002483160267615289
-0.004125127080368812
-0.001646444668515778
-0.0019183396541326617
-0.0014937057816210948
0.00021832255429425293
-3.882794630620512e-05
0.0004763027715218907
1.971389095998006e-05
0.00213130075206499
0.0024374563289097516
0.0013141707937588472
-0.0016350980361489297
0.0013684521792217711
0.001223432197160798
0.0013461385873153563
0.0014549610810327676
0.00030614230766890264
-0.00034683413545822566
0.00135233666197496
0.0027373233416379448
0.0010838661839626708
0.002673078350441579
0.0014736679615034187
0.002018811810139782
0.0014167117874814854
0.0016675458629638535
0.0024272439945594096
0.0017370222688018995
0.00025106122607432583
0.0018945525120057272
0.0011468979048747823
0.0017712750118534346
0.0006197017641276046
0.0018304418998312583
3.6059720189597372e-06
0.00016983198782006355
0.0008897269710028666
0.0012205415756322232
0.0008426824516209
-0.001108973188605928
0.00011644515785219427
0.0016279590332256486
0.00359210827241069
0.0007892526512055762
0.0013035331943588757
0.0008139119550397461
0.0011131699483620575
0.0038958498214718596
0.00330976121766228
0.00014643200363197053
0.002674374677125273
0.0026408656436619484
0.0021735745314339122
0.003578682411371481
0.0035303519197569444
0.003646804801641228
0.004447251429225417
0.003790024279112619
0.002700267755650422
0.003563165316946561
0.001182974367599974
0.003432608511417786
0.003766103028152502
0.0027531918332243236
0.001966153154233586
0.004637080208870845
0.0019891958784515377
0.00232632628290105
0.0032188335175783187
0.0026978015507741985
0.0006450732657994236
0.0036419238865728967
0.002881465363719233
0.004035716493659759
0.0040924075184153134
0.0028045270139027013
0.003202615580757312
0.0024495851248435914
0.0008221201339031884
0.0014368132072732852
0.001429865302756852
0.0018463913046921458
0.001388361109102388
0.0016345656659174908
0.001034754110652682
0.0015666009406910281
-0.00013928068993011226
0.0007779810155575061
0.0012598050233793366
0.0004937767554173649
0.001155922184211192
0.0007773453163621491
-0.00013050954228475877
0.0017246632220474373
0.00099889315454684
0.0012979692549368372
0.002116740797173793
0.0011122219345430211
0.0005719794184208286
0.001276921336831879
0.00043222803710275
0.0005828724415988993
0.00033737246833733317
0.00032946746005725884
0.0019219083647763874
0.00018946598450160244
-0.0007631414483634119
0.0006977325232307593
0.0014265938325198181
0.0006722346739391599
9.908364993177135e-05
-0.001518609606628015
0.0013583849623290151
0.0007694005720934972
-0.0018813571401057345
-0.0015034016950771307
-0.00024253057189154543
0.00035010569878679023
-0.0004015710260037922
0.0007355847387924689
-0.0017508570551596726
-0.00011129541492441663
-0.0015713295449841873
4.273451230388508e-05
0.0003619569375706524
-0.0029236994920745617
-0.002757993657122556
-0.002641658813334101
-0.001406331326791633
-0.0009414597541596141
0.0003686825459005824
0.0003527234025114894
-0.00034222470918274884
-8.095292971709844e-05
-0.00102497066650845
0.0007774561337529065
-0.0013057279115799138
0.0004522532169162698
-0.000690820243175314
-0.0002563456517170427
0.002315531822608924
-0.002214308244556702
-0.0006740842436108792
0.0006860488739366139
0.000221994179889518
0.0008168977019391565
0.0004566702260983597
-0.0013592413276963485
0.0011123605690065651
0.0010830284990117603
0.0002138727850266746
0.0010816149926301105
5.698946090345087e-05
0.0008659646369909887
-0.0003854541959758789
-0.000601223965616637
-0.000985765856639747
-0.0006246845203003319
0.00010494148262630838
0.00044143925349956386
-0.00023929244349146935
-0.0016543200123224323
-0.0015697763981565715
-0.0025909177435722783
-0.0025404636953389684
-0.0009912371565125927
-0.004542320782054318
-0.0025910690380263773
-0.0024885854601605943
-0.0029110780583380125
-0.002118682099951747
-0.003220252481707332
-0.00264904061409103
-0.0028923924922898093
-0.0007780329315616324
-0.0030332503124033605
-0.0026950456724388182
-0.0021506501764032033
-0.0010814810852733555
-0.003338985754335091
-0.0012754147073346512
-0.00032910452856057854
-0.002401442287655673
-0.00021492434351394127
-0.00048433732193200064
-0.0006416311635412832
-0.0011480084118856923
-0.002635419980413777
0.0003312623180808576
-0.001480886149776634
-0.0027207130298790537
-0.0025803463341649725
0.00019214002741770465
-0.0003797791560731931
-0.0009442871026166799
-9.849136819491924e-05
-0.0007369054294426989
-0.0009197888221868223
-0.0022519731212521515
9.0070795470977e-05
-0.0011673129554360343
-0.0009674408879310255
0.0009126197123878523
-0.0006695406671369914
-0.0002830676229767737
-0.0010157075194231968
0.00023833641251982604
-0.00112901318493842
-0.0007708776953730216
0.0012258231061164349
0.0009712182273032445
-0.0003819935965721657
-0.0016672369287735612
-9.518298728255917e-05
-0.0015756918547754942
-0.0013950119101627143
-0.0014941986851536781
7.924881883335537e-05
-0.0005358584938524175
-0.0012162841421329217
-0.0025891733206004543
-0.002990821174705216
-0.002487309662094842
-0.0011837537470519906
-0.0009526947084029782
-0.0008375067904074407
-0.0011892371698677838
-0.0007370912421430381
-0.00392317420939586
-0.001550450736672541
-0.0006680611369038547
-0.0029235621030759273
-0.0010840297676096922
-0.004136248033003578
-0.002427203303472724
-0.003423349216805942
-0.0015938914874823195
-0.004149797273465697
-0.002997705839803883
-0.0036166435113614047
-0.003714363700430828
-0.0023677437820438423
-0.0034602853263780453
-0.0016434474779903367
-0.0008455332070932942
-0.00167465744825675
-0.0017644939698220142
-0.0025906770087802547
-0.0018209664079563252
0.0007653616162557816
-0.0029009349587021506
-0.0026293922721315043
-0.0014778257146085296
-0.0018872200838395158
-0.0013719437368111883
-0.0009512104339240318
0.0005882357069166504
-0.000388631898337537
-0.00041608552893678116
-0.00011791233638997519
-0.0008211116700196255
-0.000443724631577324
-0.0018465708036448317
-0.001964724296409001
-0.0012079408521160585
-0.0013946606064409559
-0.0035383158135351127
-0.001619998501896234
-0.0026202635018531687
-0.0018325774109019548
-0.004806309668529403
-0.002610926018948563
-0.0009373959297890775
-0.00219717667701811
-0.003597668716063247
-0.005142666552893376
-0.001963408174839542
-0.0028008708786582547
-0.0027911152260957674
-0.006205087130754471
-0.0020258938554296247
-0.0026001348639665064
-0.0030262364840761054
-0.004230992797022879
-0.004441428024725269
-0.0023276946280792734
-0.003929321022842587
-0.0035126029061762296
-0.0025848801875869563
-0.0006143730696457348
-0.0018393296281986199
-0.00306287312326768
-0.0007855691545390789
-0.0011356114183386288
0.000965389093430477
0.00025828377755772567
0.0016181719796728798
0.0004699618750382188
0.002640718115349464
0.0043588160979811654
0.0042130104849961185
0.003048970237202771
0.003218912862491175
0.0026335492636482428
0.004774845575718129
0.0057509943964493895
0.00475365148199822
0.005654363238418239
0.004748246050923958
0.00621212536311261
0.006600968619494907
0.0065748979008567006
0.005803351047144822
0.006606108371324049
0.0065927487855610345
0.002929445666970362
0.006217600064687504
0.006059069992613076
0.005622705686059288
0.004466611529474654
0.002564905464562976
0.0040346827421589605
0.0025740447446897918
0.0035502318263640276
0.002432746529227021
0.0007976517303938471
0.00093294713243736
0.0008243708149142179
0.0003740969683462786
-0.002412741950244872
-0.002370944887396962
-0.0013782992241049294
-0.0012768037524656306
-0.0014809996193818177
-0.002264619421585985
-0.00319422711617564
-0.0031175123861744477
-0.0028602535166857676
-0.0038833952212602016
-0.0031840376433969354
-0.003785016809129306
-0.0032339343682006787
-0.0014385012850954043
-0.00420048481416981
-0.0027658966608198514
-0.004189308403887593
-0.0048254025960177945
-0.00456633296111923
-0.0028149626853971104
-0.0018246060622897908
-0.0030040138280902967
-0.002297685221964183
7.074185145437666e-05
-0.0026012131001361617
-0.0011373682001486758
-0.0031901331149537335
-0.002415920891525843
-0.002622861004402087
-0.0034921163407518607
-0.0018722762175654249
-0.00018291728801734836
-0.005045197236942578
-0.0006083410086538245
-0.0006432545673527894
-7.725413160227651e-05
-0.001158029541772123
-0.002277151035430661
-0.0010712736525514788
-0.00039542704022578197
-0.0012591153657804759
-0.0010877298585900193
-0.0005107841208947773
-0.0004594638361834999
-0.0026145399036232564
0.00013123387486184944
-0.0015753090096192021
-0.0013368508776454794
-0.0021752946393609877
-0.001174174312518326
-0.0016061603368318653
-0.0006924715070780888
-0.0018258503053601644
-0.0006902171159103442
-0.0022263520189877628
-0.0005680654641396341
-0.00014767257718372037
-0.0024293468546060792
-0.0025169307119761977
-0.0017490371852673299
-0.0015993907607758746
-0.00024471555966131106
-0.001087563144759828
0.0014050155681706825
-0.000925784797712543
0.001856582302043022
0.0015788168244765441
0.001532833425954634
0.00393578646576004
0.0010138451324979312
0.0006939313438808392
0.002020808387465814
0.00455777272584095
0.00399914626450844
0.002431909089870902
0.003928260575194099
0.0038952760316089867
0.002930450496782392
0.00352652716199703
0.00439463619433154
0.0038995057437245023
0.003966769541362817
0.004766962310614512
0.003929293058819585
0.004015371535129422
0.0026963236567063924
0.002627632986965091
0.0017117603015384037
0.0023147682744601556
0.0003650861318422044
0.002850380335113217
0.0022735690538675606
0.001919434932320041
0.0019781838094415794
0.0025688061808463065
-7.868071083746812e-06
0.0004238752476361751
0.0005365955285711796
0.0006205639953880685
0.0016920700566757647
0.0012319693506320701
0.00385986969638656
0.00010064129610322728
0.0008832280290850751
-0.0005830219485482694
0.0005532353047337096
-0.0011858707879387716
0.001711506926436625
-0.0006012498125885133
0.0005143294876612905
0.0006308156743645618
-0.0005366436193816537
0.00044847159903419425
0.00043592441290715906
0.00038401901406153203
0.0010991723896163752
0.001516846324847818
-0.0014582272775031009
0.002903488547692172
0.0008207158913209002
-0.0002392484192975604
0.0019226940505440208
0.000904569212022608
0.00110744118573609
0.0014960226035635564
0.0015797968634260495
0.0017786869181173302
-0.00020048100025694916
-0.0003983896932789171
0.0007631601276816697
0.0015188405520206076
-0.0004711201654955835
0.0008529811445801101
0.0021881023601413915
0.0009340742865356329
0.0004671537595451036
0.0025868073712399034
0.0009495950542827453
0.0001779380048938671
0.002367978241167977
0.0008542266393442311
0.002244596466260506
0.0013617404139372052
0.0012532351893710866
0.0014972944343505938
0.0018677260885256238
0.0025909208398160843
0.002247901069455846
0.0027864742130477784
0.0031756919751090578
0.0037365307170208204
0.0025025539054901852
0.0019644609526325587
0.0030873861263006233
0.002361160102108484
0.0024951246072291555
0.0031748750470773123
0.00295781906235462
0.003304538447995577
0.0027188936176546713
0.0036254683053095326
0.0021020570091277056
0.0032333778395511586
0.00352384592572944
0.0026364130484273474
0.0043256824329522435
0.00253645872475644
0.0030853693826589446
0.0018893339329314513
0.00391079958739243
0.0011812408108315977
3.655884236589829e-05
0.0004529072566383475
0.0020195813295277015
0.0007438577820983985
-0.0013309355923737235
0.002685343787620511
0.0010908643603317932
0.0010830176809214843
0.0010784598215692737
0.0007151315910002953
0.0023368966123160227
0.0019476619708046132
0.000999723576974469
0.0010900707186306422
0.0020990574032244435
0.001526302215212639
0.000993124184723734
0.003604472248661973
0.00013423156812100668
0.0012043925991736435
0.0009643664458436425
0.0027304832009528626
0.00133911291464974
0.0018711505239813995
0.0016569631999910628
0.0032519625486866167
0.00275319592915538
0.001782198785409017
0.00020318247063723979
0.0036507635729139004
0.002520110811725209
0.0007143395077280333
-7.122623239576211e-05
0.003535593057887734
0.0030903430139384053
0.0010450797645051588
0.0023660661530291722
0.0015378045830945343
0.002465120337178517
0.0015660766463292733
0.002160944589703771
0.001691354664726725
0.0012207284686199355
0.0036307213943018663
0.002733772522053167
0.0030358021684257696
0.00041426082806820174
0.002512388915697821
0.0015853360920898875
0.0019051934563849857
0.002209297528879801
0.0022256614051064795
0.0029981995302130844
0.0010560171548280712
0.003277385186493106
0.0025755262592890168
0.0027061590166562568
0.004537215306955939
0.0031770803038723614
0.0030366851442593474
0.0038526255422253923
0.00547435134946993
0.005663095812529528
0.0038425067979419958
0.004320504968793776
0.005717196169681959
0.005455901265682387
0.0035870724090340785
0.004789262418684345
0.005893019144609422
0.005738719704307166
0.004418368736803039
0.004570599079354678
0.004017499556526972
0.0057475914894608475
0.005366614547172786
0.005172717900036461
0.005960237201256639
0.006086833286498293
0.005208136657372339
0.00487587467326562
0.0053412209026743
0.0042733779301927875
0.0047981354812358335
0.006655918095836259
0.005981345807819597
0.005167115801589998
0.005715085950601093
0.005008058389922533
0.0035664299707774535
0.005460526689088248
0.004008388629592024
0.0032169589076609575
0.005254625253821669
0.006327577631094097
0.005435974402893287
0.002774155919388314
0.004055621951516551
0.003778953022616655
0.0031088477897717793
0.004622954672866308
0.0025630958782417116
0.0011671163022585332
0.0031052814606130764
0.003423924127839332
0.002838140757730521
0.0014346070957424295
0.0030576213019783693
0.002632710965168896
0.001424566978805802
0.002512840397934026
0.0037862551460010616
0.0015976514075597185
0.0027956242069698493
0.0030064773180675424
0.0012572925689518877
0.0032709848727899334
0.0036813277557249282
0.003328324156402479
0.0043831714276965136
0.004825607496135432
0.006344999566739149
0.0052117801074721155
0.005588716785970847
0.004448738148288049
0.007328711842015536
0.006606484465195993
0.007414792688004551
0.009714118024141597
0.00798876521561571
0.00805280220785617
0.009986095610997803
0.010484967952493545
0.00916645429235824
0.008171092074021136
0.009702837145802386
0.009388484466637897
0.009565730133825546
0.009270952588880497
0.010177684840297952
0.01032458411577712
0.009983043103402985
0.010457087036434769
0.010234885486445336
0.011164117117544598
0.010239324173573474
0.00858205039216273
0.010252729455438625
0.008503636163988757
0.007281908578995921
0.007900615015643682
0.006532229426897933
0.006489261011930743
0.006398279058161251
0.005992689797371981
0.0026855451606014576
0.003879444661333737
0.0003316663046159939
0.002516142968627219
0.002585247270507621
0.00163903694069036
-0.0004691322366239953
0.0021578702840764283
-1.6836797841705679e-06
-0.00018729831456978878
0.0006636743193286173
-0.0006381666314239269
-0.0021131302432128287
-0.0003107047904095774
-0.0021602472826933927
-0.0018192673385111944
-0.0025387282529519347
-0.0025969697676640254
-0.0007385631460736385
-0.0033469145647599735
-0.0015677008735402668
-0.001955032604806715
-0.0029897616516993057
-0.001436120647269698
-0.0008864180982110761
-0.001597685249655003
-0.0015668122545173494
-0.0020329063883079085
-0.0015545090314958805
-0.002482994438801695
-0.001655403891820579
-0.0018294943917964567
-4.584540676938432e-05
-0.0009043520986691282
0.0002475029127479687
0.00012527309419307778
-0.00020281523309506036
0.0006750246806659721
-0.0013807018321894
-0.0004422601701339477
-8.427557946071067e-05
0.000989499157030203
-0.0003053291119821641
0.0007484405490298154
-0.0004728003144246326
0.001566141809388811
0.0020251924180177674
0.0008403736332959824
0.0012396714903594832
0.0013930221718116277
0.0016381371520190814
0.0016963593843099265
0.0028673829401337173
0.0017752110875975777
0.002825458904105475
0.0018040431997246114
0.0011916295864676204
0.0032364872216745656
0.002651110603681958
0.004150706880372721
0.0041535496249070535
0.002583052621970673
0.0005026834905089836
0.004222374888576575
0.0039377549961929674
0.0012742343923953009
0.0033691886320717985
0.0021533860067049562
0.003608771248939542
0.00468336492790937
0.0029276555554334192
0.003837491683228036
0.004586392616921554
0.0036814252549712814
0.00570606364338594
0.004533455869172005
0.004102218696082167
0.0035723598434402107
0.004936743994854364
0.004653790744569171
0.004337446645153098
0.004971478329204048
0.0041251267497165005
0.0030805864574392433
0.005054494991449494
0.003959264819579618
0.005252189205650184
0.00420574702727232
0.005557222651069988
0.005252646226858412
0.00528713094366003
0.0060848703657872105
0.004998604714511633
0.005344192604828078
0.0065015849268373485
0.003971602286300522
0.003806999054383545
0.004965226693467664
0.004764670916721866
0.0038264065167187143
0.003261317285701357
0.003841899974560218
0.003587713370303512
0.0040524977847391655
0.002335113771591485
0.005469687564984166
0.0033780954732876532
0.003567764988343573
0.001146008315709776
0.0018763430797927288
0.0025722888784578636
0.002209064144069952
0.0035963176943004187
0.0022404225415591722
0.002272382118480637
0.0025846029673949325
0.0015208395988067875
0.001072763742814136
0.003722628760675046
0.002202508969233751
0.0016784268229790764
0.0031806753315669336
0.0020088911686753164
0.0020898446280214027
0.0034926406437932114
0.003484732707484018
0.0032399698066410527
0.0037412365541685563
0.0032455067568502778
0.0028098623374905613
0.003670920916236442
0.005054797952383629
0.0054557580065519905
0.0028697424301826696
0.0025208319022703854
0.004058411223095927
0.0046774137591749825
0.004213874689397822
0.0030325122026717915
0.0033139288958320247
0.001553466313492451
0.003476985721228418
0.003853049600434738
0.004720202114515515
0.0038350946272096374
0.0024615962618531194
0.0038840711212494118
0.00268771924267195
0.0020602729380886863
0.0018175921458186274
0.0006412557932475378
0.00299956740879441
0.002189674614001307
0.003115718241394233
0.004394594075695114
0.0018574029805619307
0.0028562398637889718
0.002411465925967685
0.003814347402731181
0.003336505557175863
0.003532427647002812
0.002953408806796063
0.004967564090699039
0.005279545915224617
0.0048154318607595255
0.004427215103920537
0.004413110165837859
0.005135721396185592
0.007185430724270608
0.0038333200558989845
0.00496530908074965
0.004585863210347859
0.005885017974233097
0.0049287178005839915
0.004700852800925952
0.003992226452712299
0.005568515597778107
0.0059607985990284
0.004751541714884463
0.0044125787426215445
0.0073775999898974595
0.005366082045303513
0.00561429576861127
0.004317731418477893
0.004803848207899893
0.005452960241895465
0.006013855731345958
0.00615676995388539
0.005113873900768799
0.005735739339910402
0.00436893125975973
0.004794475113831379
0.005538612948166603
0.0064780506730834995
0.005396892988462273
0.004485203218914188
0.0036485893967511695
0.006459403258022646
0.0042660835967652955
0.004442534104208663
0.005901431837411866
0.005691594528516815
0.005408791196259821
0.005536930311032963
0.00486122840713291
0.005506337858162147
0.0046096836762209055
0.006894818920796006
0.006584491252894075
0.005084996635630378
0.0066102571251327406
0.007667260907206274
0.008932564761274384
0.006353782823998388
0.00732713952391839
0.008065370941936389
0.00701171734796403
0.007268913478968389
0.007491141574625291
0.007037243364217379
0.005184316646327618
0.00779695458294689
0.007753164055212817
0.006185975688488516
0.0064718199268587445
0.006380893651876228
0.007975025749128695
0.007192490329749879
0.004407699676118488
0.00897266690838858
0.007070427017038355
0.006763009732773081
0.006760274776361262
0.0038285950154688117
0.005394167216334752
0.006141198893771232
0.004535688262799299
0.007486708304490669
0.005925610194144593
0.0037112403081812073
0.007782910245330817
0.005739882515013392
0.006541793409754241
0.00522507530905181
0.006502801405508709
0.005585246324080659
0.00557474157397642
0.004923734666079578
0.004790124145734492
0.004191566444781606
0.005627398596308853
0.006191559184898066
0.007183239341902653
0.004954105896266849
0.005208471343031839
0.005582491831750623
0.005891565121297465
0.006053672603124446
0.0040194469290946505
0.00562261169050839
0.007661372948532223
0.0061976783900819996
0.00655015396268783
0.006142751349084597
0.005128644869676133
0.006480469451061718
0.007111720665347758
0.006002251921915101
0.005061496451635359
0.006407299370275457
0.007272412528583176
0.005566661858240847
0.007299733161850715
0.007452877736967645
0.006374368422845247
0.006081387120263714
0.006453997652732703
0.006494639999889304
0.005711590852042267
0.005719143617649751
0.004569799680037583
0.00619829431770978
0.005448332090669693
0.0043031298444801734
0.005004420287378087
0.004958038660381112
0.005427792432822378
0.005672076793517446
0.006709934947523594
0.005252548050025249
0.0039724667454258955
0.0035983019098347873
0.004391229643935435
0.003659661369125154
0.001889378543856617
0.004501254253700555
0.005573967727230739
0.003976748517612028
0.0056570252178992
0.004032799605143676
0.0041984235200881
0.005277586628320612
0.004553377615460244
0.00729525971311125
0.0056780682531501585
0.0061508853246786495
0.006440822281788255
0.004670802550918958
0.00740862623841887
0.008464768627329566
0.0067837884668972975
0.009062847880593672
0.00947251985640956
0.011103333640399917
0.008988615230114239
0.009299007578724582
0.012086535077032255
0.01189010711911905
0.009697049626688195
0.010096989826293668
0.010713975107046204
0.010638031485607031
0.01265614630200734
0.012327500494371438
0.012540644761524188
0.011393759864403495
0.011786923806935218
0.010463871726508495
0.011790922588986346
0.01024638102707044
0.010911530695444295
0.009988025940535878
0.010344691140552724
0.0073678608199047625
0.009443401974714013
0.008540618616365557
0.007298455046718266
0.006898445716827629
0.007786325996642467
0.005812194822201412
0.005855676143637551
0.0051128480800856435
0.0036547876741379165
0.004526768548904874
0.003204733673078147
0.003379255304591175
0.0031477015720091477
0.004072031760889742
0.0017438541329261705
0.0013448467357912329
0.0019499955135881502
0.0012575950068953636
0.0012596415469572782
0.0004262381558100937
-0.00020029539947663696
0.0011701773814410644
0.0006607228183369581
0.0010699427633965005
0.0009147097971233039
0.0020635177250648996
-0.0009652299697595585
0.0009033529839154735
-0.0009478768172845798
0.0018634667187298094
0.00069058909575136
0.0008977091965510185
0.00022536047707204677
0.002900868225447099
-0.00022064483428110339
0.0022414592543368696
-0.00024723293732113434
-0.0008567268127467222
0.0005626236866147383
0.0016297336183323146
0.0007562511914070396
-0.0005936095304113467
0.0003765557254366335
0.003314926017132066
0.00278716774173802
-0.00013213060528220635
0.002637233924088757
0.0014215637987418136
0.0025628291765176494
0.0017072039527359203
0.0011312680852190262
0.0017719652476459228
0.001990938885451941
0.00391894241657806
0.002610917752587331
0.0033536255159442216
0.004030784485999922
0.004618931101752389
0.0034378114329374405
0.00449312052012888
0.0036445577118384264
0.004073875271235027
0.004896466518545962
0.005257352581554156
0.004269753810840461
0.004802711631269853
0.004109291969518781
0.006888047764922182
0.0041600221302706165
0.00488785466225971
0.005640198510949909
0.0033117173018540336
0.004774481258640586
0.0041982517135112606
0.004920362816576617
0.006469269461956082
0.005898334883441307
0.006721334377732629
0.004461148825904079
0.006218622281803261
0.005537512326451185
0.0057970711375963544
0.005011174786769395
0.003661642202129396
0.0051934620151191935
0.00609774587676606
0.0062511025264048396
0.004199360258382877
0.00575748163811883
0.005320687761286221
0.004876416320920865
0.00480398563907395
0.005766216917931571
0.004795061937121739
0.003599239205799838
0.00472932657533067
0.006726337989086992
0.005027304718792862
0.0037388293581042766
0.004784698339992576
0.004949868739743213
0.005038213671504958
0.0037956794910531176
0.003966837262227071
0.004449701260509184
0.0029463104267731174
0.003532847869429928
0.0044681771788815175
0.00351940214209038
0.003096796684644065
0.0031292805266277153
0.0026923550563614897
0.003473648721783455
0.0027287244681012007
0.0038625429892428444
0.0046849102785409295
0.0036225217149728865
0.003358161816508791
0.001567921824888266
0.003482031735958828
0.0032315212469763315
0.0011340816045748523
0.0024825055316743693
0.003357370340161125
0.0022786038376179903
0.003745964626640776
0.002637927601746086
0.003028555927209708
0.0027465767620264126
0.001226896095057088
0.0022342540601658473
0.0020186987395115234
0.0041208473392783124
0.003084319681192034
0.003427131617012486
0.0007227346770109341
0.0022950869219580156
0.002053935187278477
0.0031936215639202367
0.0027178697152689685
0.00026002354658110206
0.003664577336440311
0.0020097149018649266
-0.00043013897598964245
-0.000701240090640752
0.002715663166228629
0.001460676659589073
0.0026468396147277993
0.001899405884588255
0.0038382609714810757
0.0024688225511393046
0.002479419465097502
0.002440301587595456
0.0005832963282808941
0.003022758061006347
0.002559592339440604
0.0026541515178448633
0.0014064471266249461
0.0033713506867470624
0.0013479081580181278
0.0020674065323200027
0.0027459759864290985
0.0026283740341467242
0.002512122237025787
0.002656040095652446
0.0003685275247587998
0.002337393510022199
0.0013348532611954667
0.003054515402509246
0.0007117082666486647
0.0021480589399888598
0.003633043973923426
0.0031149811644143755
0.004064050172164113
0.0019906223700792776
0.002110833212559398
0.0022534559225926864
0.003664431729744269
0.0030596296598276846
0.004003725604085416
0.002417719127156762
0.003956030644615119
0.0033908101207571076
0.0020965845918539112
0.002318925839625313
0.002606747252243069
0.003959764180662393
0.0030258827783905904
0.002913701059147462
0.003033846870495031
0.004775468358716782
0.0031175179263948014
0.002842329730496077
0.0011236632128526455
0.0038495494176868797
0.00396173321999056
0.00038817072484471525
0.0015214881624982376
0.0015819279104589594
0.0002290451566799444
0.00135154987533823
0.0014172766934310074
0.0021562022275812527
0.002350210511871049
0.004630597172951348
-0.0005627324618798972
0.0018199850432212
0.0006214198842933855
0.0019786035527596013
0.0011988063034215441
0.0016765256085845733
-1.6738093666388313e-05
0.0001586054314833894
9.87647919515112e-05
0.0034268325479747492
0.0012681103259067192
0.0014896307361327856
0.0008634649538879311
0.0019201520013500033
0.0038213360501203517
0.00137908804338789
0.002620480134446661
0.002369680728755373
0.0031151958632012343
0.0024937977107254306
0.002697002789511262
0.003195039152142728
0.002339984211703334
0.003265820537955629
0.00388976816437193
0.002202928417346677
0.003935139720412437
0.003194242813817764
0.00357651126596937
0.0023789846604083927
0.0021842044258719765
0.003979160044668582
0.0018090209646599818
0.0008889915503154371
0.001481922139981453
0.002340371508096487
0.001524498773000131
0.0013489821458151786
0.0016966400236106936
0.0005337798737061826
-0.00012155968947366537
0.0013170076573471852
0.0008415297334733408
0.0006675865265605344
-0.0003732344478807397
0.0004935809837429746
-0.0011181014117799819
2.7091688724820693e-05
0.000885743202269144
0.0017426790936523268
0.00132167585477971
0.0018377533700524545
0.0015150008125892603
0.000544904312471395
0.0012443672689663276
0.0014863370790200035
0.0018201735255552326
0.003937993469606004
0.002375500069636342
0.0028159724523030526
0.00413700508193581
0.0018016248172097265
0.004093049444155412
0.004407404526245061
0.0044382798419752845
0.00032114065925522347
0.0038354167483564353
0.0014091854965627313
0.002556907337295454
0.0011474252806320997
0.003320794747708442
0.002978683569229417
0.0034082213372948777
0.0028631201531998714
0.00354914380261234
0.0018607358332994141
0.004847129214450937
0.004914426613092788
0.0036995280223981646
0.003206748674988622
0.0028769978538567506
0.0014733825340400484
0.004248680142360718
0.00271203157339982
0.0009833303889249562
0.004118031985408897
0.003574932076697156
0.0019013056397222663
0.0031046541877376888
0.0021166015228229994
0.0025462012023096904
0.003263557399673494
0.0041453924180977235
0.001512816406287479
0.0009643548365136555
0.002551439295718227
0.0011600075384299736
0.0015949300830155084
0.0011331288212769195
0.0007903523566677083
0.002997573756722595
0.0018617180980504487
0.0014869512186071053
0.001523990274280011
0.0023522911550181752
